point: 
    x: 49.3998641968
    y: 3.05811452866
    z: 0.00250244140625
