point: 
  x: -8.75280666351
  y: -1.17725634575
  z: 0.00
